0 200 0
1000 10800 1
1200 3800 2
1400 1400 3
1800 8000 4
2200 10400 5
2600 10600 6
2800 2000 7
3000 8400 8
3200 0 9
3200 10400 10
3400 5200 11
3400 10200 12
3600 10000 13
3800 2000 14
4000 11200 15
4200 9600 16
4600 2200 17
4800 3600 18
5000 3000 19
5400 3600 20
5400 10600 21
5600 1400 22
5600 3400 23
5600 10000 24
5800 5200 25
5800 6200 26
5800 8800 27
6000 3400 28
6000 8200 29
6400 6800 30
6600 11200 31
6800 6400 32
7000 1400 33
7000 4600 34
7200 11600 35
7200 11800 36
7400 7600 37
7800 10600 38
8400 5800 39
8400 7800 40
8600 3400 41
9000 4200 42
9200 9400 43
9400 7000 44
9600 11600 45
10000 10200 46
10200 1400 47
10800 400 48
10800 2000 49
10800 5800 50
11000 2400 51
11400 7000 52
11600 3400 53
12000 4600 54
12000 6400 55
12000 10600 56
12200 6000 57
12200 10000 58
12800 0 59
12800 6400 60
12800 9400 61
13000 6800 62
13000 8000 63
13000 10000 64
13200 8200 65
14200 6000 66
14600 2000 67
14600 8800 68
14800 10800 69
15600 3200 70
15600 3200 70
15600 3200 70
15600 3200 70
15600 3200 70
15600 3200 70
15600 3200 70
15600 3200 70
15600 3200 70
15600 3200 70
15600 3200 70
15600 3200 70
15600 3200 70
15600 3200 70
15600 3200 70
15600 3200 70
15600 3200 70
15600 3200 70
15600 3200 70
15600 3200 70
15600 3200 70
15600 3200 70
15600 3200 70
15600 3200 70
15600 3200 70
15600 3200 70
15600 3200 70
15600 3200 70
15600 3200 70
15600 3200 70
15600 3200 70
15600 3200 70
15600 3200 70
15600 3200 70
15600 3200 70
15600 3200 70
15600 3200 70
15600 3200 70
15600 3200 70
15600 3200 70
15600 3200 70
15600 3200 70
15600 3200 70
15600 3200 70
15600 3200 70
15600 3200 70
15600 3200 70
15600 3200 70
15600 3200 70
15600 3200 70
15600 3200 70
15600 3200 70
15600 3200 70
15600 3200 70
15600 3200 70
15600 3200 70
15600 3200 70
15600 3200 70
15600 3200 70
15600 3200 70
15600 3200 70
15600 3200 70
15600 3200 70
15600 3200 70
15600 3200 70
15600 3200 70
15600 3200 70
15600 3200 70
15600 3200 70
15600 3200 70
15600 3200 70
15600 3200 70
15600 3200 70
15600 3200 70
15600 3200 70
15600 3200 70
15600 3200 70
15600 3200 70
15600 3200 70
15600 3200 70
15600 3200 70
15600 3200 70
15600 3200 70
15600 3200 70
15600 3200 70
15600 3200 70
15600 3200 70
15600 3200 70
15600 3200 70
15600 3200 70
15600 3200 70
15600 3200 70
15600 3200 70
15600 3200 70
15600 3200 70
15600 3200 70
15600 3200 70
15600 3200 70
15600 3200 70
15600 3200 70
15600 3200 70
15600 3200 70
15600 3200 70
15600 3200 70
15600 3200 70
15600 3200 70
15600 3200 70
15600 3200 70
15600 3200 70
15600 3200 70
15600 3200 70
15600 3200 70
15600 3200 70
15600 3200 70
15600 3200 70
15600 3200 70
15600 3200 70
15600 3200 70
15600 3200 70
15600 3200 70
15600 3200 70
15600 3200 70
15600 3200 70
15600 3200 70
15600 3200 70
15600 3200 70
15600 3200 70
15600 3200 70
15600 3200 70
15600 3200 70
15600 3200 70
15600 3200 70
15600 3200 70
15600 3200 70
15600 3200 70
15600 3200 70
